26962 24464
23281 16827
3902 153
14771 11538
31322 30333
15141 7711
27446 23805
15890 6729
24084 19954
22929 16541
31673 22386
23986 13290
23655 15574
16941 21724
14945 8909
27506 13030
9374 11020
27348 23199
19668 24484
26418 27938
24648 22483
22813 9514
16519 31556
19589 20798
24272 20055
20328 22646
24182 10285
19976 31329
16279 25996
22549 17437
28286 16105
12455 25734
18114 11701
31185 20053
28321 19558
481 4144
13186 8313
17958 7391
9314 25824
29334 25874
24372 20159
11833 28070
7518 8177
17773 32270
13061 14181
17505 27593
17222 31286
13064 7900
19187 8360
26576 21694
22658 26302
17371 22466
23851 25484
32170 20315
7882 17086
29577 14474
29790 14924
18662 13829
30900 17713
8365 13007
21113 14887
14460 22428
18823 14485
8526 13357
29337 23271
12717 18696
11585 24041
6559 8932
12053 16962
21457 14369
10067 22848
10176 25705
14413 16641
19855 24855
28296 12673
20040 26488
28685 19090
25990 15145
11192 7605
25264 12181
23775 20608
